24.293 59.579 4.215
25.127 58.554 4.958
24.186 58.457 6.297
23.827 59.402 6.804
26.311 59.103 5.385
27.346 58.263 5.966
28.097 59.208 7.157
28.875 60.685 6.576
23.920 57.222 6.665
23.091 56.867 7.886
24.088 56.447 8.960
25.020 55.656 8.827
22.121 55.672 7.672
21.100 56.229 6.650
21.263 55.107 8.938
20.299 55.309 5.914
23.864 57.125 10.173
24.643 56.810 11.306
23.655 56.407 12.483
22.615 56.915 12.468
25.584 57.908 11.917
26.335 58.368 10.681
24.135 55.543 13.270
23.491 55.091 14.491
24.265 55.607 15.654
25.528 55.551 15.727
23.286 53.589 14.763
22.294 52.855 13.726
21.935 53.282 12.410
22.708 51.377 13.734
23.529 56.140 16.683
24.107 56.528 17.919
23.282 55.874 19.045
22.074 56.043 19.096
24.195 58.134 17.941
24.736 58.796 19.243
22.834 58.893 17.713
25.570 60.064 19.008
24.037 55.406 19.876
23.547 54.606 21.016
24.405 54.574 22.142
25.743 54.760 22.259
23.463 53.024 20.464
23.911 54.396 23.377
24.545 54.348 24.709
24.135 52.927 25.172
22.979 52.443 25.238
23.981 55.244 25.731
25.174 51.999 25.334
25.137 50.594 25.695
25.710 50.311 26.997
26.740 50.723 27.438
26.060 49.754 24.716
25.948 49.916 23.311
26.749 48.818 22.355
24.824 50.279 22.443
24.964 49.569 27.754
25.505 49.052 29.100
26.325 47.744 28.850
26.484 47.228 27.592
24.391 48.737 29.924
26.889 47.155 29.770
27.663 45.815 29.564
26.782 44.838 28.843
25.486 44.725 29.093
28.199 45.371 30.888
28.908 46.323 31.881
27.052 45.016 31.866
27.178 43.958 27.990
26.437 43.030 27.202
25.631 43.587 26.224
24.708 43.102 25.650
25.887 41.915 28.115
27.010 40.987 28.659
28.246 40.834 28.387
26.684 40.374 29.755
25.897 44.951 25.915
25.118 45.556 24.885
23.571 45.863 25.143
22.788 46.089 24.319
25.258 44.894 23.466
26.563 44.184 23.046
26.624 43.756 21.538
25.594 43.118 20.751
24.764 42.037 20.935
25.011 41.205 22.046
23.631 41.657 20.185
23.258 45.774 26.393
21.851 46.081 26.982
21.501 47.639 26.629
22.396 48.495 26.864
21.809 45.750 28.512
20.392 46.267 28.990
22.074 44.144 28.666
20.383 47.817 26.158
19.856 49.004 25.783
18.462 49.302 26.496
17.884 48.221 26.864
19.912 49.520 24.275
18.947 48.463 23.473
21.422 49.456 23.856
18.816 48.818 21.928
18.043 50.546 26.423
16.742 50.699 27.048
15.633 50.053 26.254
15.661 50.037 25.025
14.552 49.730 27.048
13.302 49.181 26.401
12.156 50.311 26.452
11.457 50.634 25.496
13.055 47.914 27.173
12.049 47.010 26.452
11.872 45.653 27.489
11.830 45.548 29.262
11.867 50.699 27.592
10.851 51.619 27.909
11.242 52.588 29.218
11.070 53.775 28.939
9.476 51.014 28.166
8.371 51.700 28.828
6.954 51.264 28.600
6.563 50.860 27.489
6.418 51.078 29.674
11.480 51.983 30.329
11.825 52.838 31.476
13.172 53.460 31.285
14.067 52.814 30.527
11.666 51.918 32.727
10.100 51.644 33.028
9.247 52.346 32.462
10.128 50.675 33.911
13.405 54.526 31.932
14.780 55.260 31.851
15.773 54.396 32.462
15.600 53.533 33.367
14.715 56.552 32.697
16.961 54.453 31.822
18.215 53.605 32.219
18.770 54.098 33.565
18.625 55.252 33.801
19.180 53.678 31.101
18.691 52.943 29.792
18.369 51.159 30.093
20.047 50.497 29.792
19.208 53.210 34.367
19.739 53.533 35.640
21.142 54.074 35.647
22.070 53.436 36.192
19.516 52.386 36.581
19.902 51.167 35.581
19.427 51.765 34.338
21.375 55.252 35.162
22.573 55.955 35.147
22.294 57.424 35.015
21.184 57.892 34.595
23.496 55.438 34.095
23.174 55.430 32.734
22.764 56.399 31.940
23.114 54.372 31.778
22.419 56.027 30.557
22.704 54.695 30.630
23.459 53.000 32.035
22.485 53.977 29.387
23.310 52.306 30.866
22.965 52.693 29.733
23.300 58.199 35.338
23.328 59.652 35.257
24.615 60.088 34.433
25.570 60.193 35.162
23.049 60.330 36.611
22.806 61.735 36.272
22.541 62.421 35.272
23.147 62.373 37.346
24.596 60.411 33.190
25.719 60.693 32.337
25.477 61.840 31.543
25.295 61.896 30.307
25.957 59.474 31.403
26.344 58.110 32.219
26.456 57.061 31.042
27.574 58.159 33.006
25.575 63.010 32.285
25.430 64.229 31.469
26.414 64.383 30.329
26.255 64.948 29.328
25.719 65.344 32.285
26.041 64.738 33.558
25.724 63.350 33.661
27.738 63.834 30.454
28.712 63.842 29.490
28.283 63.067 28.276
28.712 63.487 27.173
30.068 63.059 29.976
27.435 62.017 28.453
26.964 61.331 27.239
25.924 62.195 26.636
25.934 62.130 25.393
26.470 59.975 27.659
25.668 59.184 26.518
26.419 58.853 25.503
24.414 59.192 26.445
25.086 62.889 27.408
24.130 63.705 26.717
24.755 64.883 25.930
24.181 65.327 24.856
23.021 64.221 27.710
22.214 63.261 28.416
21.142 63.923 29.262
21.357 62.453 27.364
25.841 65.392 26.430
26.614 66.425 25.636
27.178 65.949 24.429
27.108 66.490 23.348
27.733 66.910 26.702
27.719 64.738 24.348
28.208 63.971 23.193
27.006 63.745 22.473
27.323 64.052 21.281
28.884 62.607 23.708
29.089 61.493 22.679
28.171 60.451 22.428
30.147 61.259 21.766
28.791 59.700 21.435
29.970 60.161 21.097
31.471 61.937 21.722
30.907 59.636 20.178
32.408 61.460 20.692
31.970 60.314 20.030
25.906 63.374 22.767
24.741 63.196 21.958
24.396 64.504 21.288
24.228 64.456 20.045
23.645 62.704 22.899
22.368 62.510 22.178
22.074 61.339 21.516
21.529 63.656 22.296
20.900 61.178 20.729
20.289 63.446 21.560
19.944 62.284 20.869
24.377 65.586 22.134
23.911 66.829 21.369
24.983 67.281 20.310
24.540 67.661 19.265
23.822 67.838 22.502
23.272 69.243 21.980
23.342 70.155 23.201
22.876 71.560 22.598
22.494 72.303 23.929
26.232 67.217 20.795
27.299 67.677 19.729
27.230 66.942 18.405
27.458 67.531 17.338
28.605 67.515 20.288
29.914 67.862 19.545
31.210 67.233 20.060
31.345 67.144 21.590
31.956 66.167 22.348
32.963 65.327 21.766
31.578 65.820 23.753
26.983 65.626 18.419
26.913 64.843 17.294
25.584 64.754 16.713
25.575 64.302 15.477
27.304 63.358 17.676
28.777 63.341 17.971
29.686 63.656 17.081
29.117 62.881 19.074
24.461 65.198 17.095
23.161 65.222 16.419
22.764 66.700 16.117
21.893 66.756 15.175
22.019 64.633 17.323
21.949 65.271 18.515
22.298 63.115 17.581
23.296 67.701 16.705
22.643 68.960 16.374
22.783 69.412 14.874
23.799 69.041 14.271
23.561 69.986 17.095
22.666 71.245 17.588
21.487 71.092 18.471
23.785 72.343 17.941
21.688 69.969 14.344
21.846 70.389 12.954
21.641 69.194 11.983
21.935 69.348 10.799
22.932 71.366 12.542
23.165 72.545 13.373
22.070 73.279 13.542
24.172 72.787 13.984
21.152 68.056 12.446
20.914 66.966 11.637
19.548 66.490 11.917
18.947 66.659 12.954
21.967 65.981 11.851
23.436 66.151 11.851
24.405 65.118 12.307
25.691 65.586 12.395
26.791 64.617 12.858
19.059 65.691 10.916
17.758 65.037 11.181
18.047 63.777 12.130
18.956 63.075 12.079
17.311 64.326 9.872
18.057 64.956 8.915
19.455 65.279 9.578
17.129 63.559 12.947
17.106 62.437 13.895
15.899 61.460 13.690
14.841 62.034 13.719
17.204 62.801 15.389
18.569 63.374 15.904
16.015 63.729 15.830
16.192 60.241 13.660
15.162 59.103 13.660
15.139 58.368 14.962
16.048 57.844 15.403
15.223 58.159 12.365
15.181 59.168 11.137
14.211 57.020 12.277
15.787 58.522 9.997
13.848 58.344 15.448
13.610 57.610 16.610
12.226 56.762 16.566
11.331 57.149 15.889
13.596 58.490 17.809
12.459 59.394 17.956
12.519 60.742 19.096
13.209 61.824 17.890
12.128 55.737 17.544
10.944 55.058 17.618
9.979 55.583 18.603
10.417 56.633 19.420
8.861 55.180 18.993
8.054 55.769 19.891
8.418 55.624 21.340
8.040 56.665 21.980
6.619 55.155 19.692
5.575 55.801 20.523
4.642 56.770 20.428
3.594 56.084 19.449
2.494 56.891 19.265
1.986 57.949 20.008
1.715 56.657 18.155
8.991 54.760 21.891
9.275 54.736 23.311
10.473 55.793 23.591
10.487 56.415 24.613
9.849 53.323 23.554
8.781 52.297 23.657
8.492 51.426 22.583
7.816 52.015 24.591
7.360 50.707 22.752
7.085 51.070 23.995
11.322 56.003 22.605
12.436 56.915 22.568
11.844 58.263 22.730
12.258 59.127 23.583
13.545 56.835 21.428
13.955 55.575 21.641
14.724 57.908 21.818
10.869 58.578 21.950
10.110 59.765 21.847
9.672 60.266 23.201
9.765 61.251 23.789
9.136 59.644 20.810
8.129 60.790 20.744
6.926 60.597 21.134
8.399 62.195 20.744
6.246 61.759 21.163
7.085 62.728 20.913
9.322 63.019 20.435
6.875 64.141 20.803
9.205 64.415 20.325
7.905 64.956 20.567
8.930 59.160 23.753
8.394 59.571 25.113
9.266 59.692 26.187
9.131 60.266 27.225
7.621 58.360 25.665
6.800 57.553 24.996
5.397 57.965 24.613
4.950 59.143 24.657
4.894 56.673 24.334
10.408 58.974 26.158
11.489 59.071 27.129
12.081 60.564 26.960
12.496 61.105 28.063
12.589 58.054 26.901
12.165 56.738 27.511
12.249 61.113 25.783
12.794 62.494 25.628
11.830 63.551 26.224
12.123 64.593 26.923
13.251 62.655 24.135
14.239 61.622 23.554
13.671 64.205 23.900
14.603 61.864 22.046
10.636 63.309 25.783
9.504 63.979 25.967
9.229 65.360 25.371
8.292 66.030 25.878
9.909 65.731 24.429
9.779 66.942 23.672
10.669 66.821 22.495
11.583 66.030 22.377
10.301 68.218 24.525
11.694 68.274 25.003
12.752 68.750 25.842
14.174 68.500 25.481
15.106 69.275 25.893
15.013 70.696 25.665
16.225 68.839 26.460
10.361 67.757 21.627
11.214 67.733 20.383
12.683 68.274 20.751
12.804 69.081 21.472
10.646 68.670 19.346
9.378 68.863 19.942
9.294 68.783 21.399
13.661 67.596 20.075
15.050 68.032 20.266
15.186 69.332 19.390
14.980 69.267 18.272
16.071 66.845 19.927
16.015 65.667 20.906
16.654 64.528 20.052
16.705 65.780 22.245
15.726 70.317 20.126
15.805 71.519 19.412
16.845 71.657 18.405
17.903 70.971 18.706
16.192 72.577 20.531
15.894 72.060 21.847
16.118 70.446 21.605
16.999 72.214 17.353
17.968 72.343 16.426
18.192 71.067 15.565
19.129 71.027 14.808
17.208 70.139 15.602
17.185 68.936 14.881
15.815 68.742 14.359
14.757 69.057 14.874
17.525 67.782 15.764
18.924 67.556 16.073
19.315 67.249 17.507
19.157 68.169 18.486
19.590 67.919 19.692
20.252 66.966 20.295
19.250 69.041 20.531
15.754 68.056 13.204
14.566 67.661 12.571
14.114 66.280 13.322
14.948 65.400 13.108
14.808 67.402 11.041
13.298 67.176 10.512
13.307 67.112 8.960
11.597 66.861 8.680
11.597 66.732 7.121
13.051 66.151 14.035
12.571 64.996 14.771
11.676 64.157 13.844
10.543 64.665 13.594
11.895 65.570 15.985
12.874 66.119 16.956
13.023 65.683 18.015
13.531 67.305 16.676
11.979 62.954 13.535
11.280 62.017 12.763
10.893 60.863 13.690
11.848 60.241 14.087
11.937 61.573 11.446
12.370 62.970 10.629
11.261 60.516 10.637
13.428 62.639 9.658
9.690 60.443 13.925
9.196 59.394 14.705
8.693 58.199 13.726
7.798 58.457 12.976
8.189 59.814 15.698
8.325 61.081 16.639
7.956 58.570 16.764
9.420 61.832 16.875
9.369 57.157 13.851
8.940 55.963 13.042
8.129 55.091 13.976
8.502 54.542 15.043
10.110 55.260 12.564
10.026 54.243 11.314
11.466 53.541 11.328
9.042 53.153 11.424
6.852 54.929 13.704
5.868 54.178 14.499
4.638 53.775 13.564
4.325 54.477 12.586
5.323 55.139 15.462
4.200 54.711 16.235
3.990 52.766 14.109
3.985 52.919 14.219
2.759 52.265 13.425
2.843 51.975 13.932
1.580 52.968 13.895
1.557 52.766 13.947
0.545 52.968 13.130
0.620 52.628 13.167
2.652 50.756 13.638
3.020 50.780 14.896
3.323 50.416 12.255
1.781 50.392 15.389
1.683 53.517 14.984
0.648 54.356 15.558
1.072 55.785 14.955
1.161 56.035 13.609
0.331 53.888 16.992
0.093 52.346 17.309
-1.016 51.732 16.367
-0.806 50.949 15.440
-2.186 52.257 16.492
0.368 56.665 15.484
-0.210 57.892 14.933
0.238 59.087 15.801
0.424 59.200 17.000
0.415 60.136 14.947
0.760 61.460 15.205
0.131 62.195 16.279
-0.634 63.196 15.948
0.433 61.929 17.551
-0.084 62.792 18.647
0.322 64.302 18.316
-0.545 65.239 18.030
0.433 62.090 19.972
1.575 64.649 18.118
2.177 65.949 17.868
2.633 66.482 16.573
3.272 66.038 15.580
3.142 65.909 19.015
3.668 67.208 19.501
4.050 68.032 18.692
3.622 67.031 20.744
2.223 67.806 16.492
2.419 68.613 15.271
3.850 69.089 15.050
4.111 69.493 13.903
1.482 69.913 15.234
1.566 70.898 16.448
1.268 70.430 17.654
1.878 72.214 16.404
4.596 69.057 16.117
5.971 69.582 15.911
6.912 68.565 15.345
8.115 68.968 15.249
6.372 69.969 17.390
5.742 71.043 18.118
5.640 70.979 19.582
5.439 69.986 20.516
5.724 69.768 21.678
6.292 70.720 22.428
5.547 68.637 22.473
6.539 67.305 15.006
7.486 66.328 14.580
6.987 65.562 13.351
5.775 65.658 13.226
7.789 65.336 15.823
8.301 66.094 17.051
6.567 64.674 16.514
7.761 64.980 12.638
7.322 64.238 11.505
7.136 62.768 12.027
8.031 62.203 12.388
8.250 64.246 10.343
8.581 65.642 10.247
8.241 63.390 9.166
5.901 62.324 11.814
5.369 60.952 12.042
5.528 60.128 10.924
4.936 60.540 9.901
4.013 61.008 12.571
3.855 61.606 13.807
3.556 62.930 13.881
4.106 61.121 15.124
3.584 63.220 15.220
3.911 62.122 16.043
4.475 59.886 15.676
4.004 62.042 17.397
4.540 59.692 17.036
4.311 60.798 17.816
6.302 59.095 10.666
6.507 58.223 9.570
6.078 56.786 10.063
6.013 56.366 11.188
7.770 58.231 8.849
8.161 59.587 8.150
8.954 57.731 9.614
5.696 56.011 9.048
5.174 54.606 9.166
6.236 53.751 8.599
6.092 52.548 9.063
3.906 54.396 8.356
7.229 53.936 7.819
8.185 53.008 7.400
9.569 53.549 7.216
9.741 54.784 7.135
7.747 52.540 5.885
7.844 53.646 4.980
10.594 52.758 7.076
11.937 52.951 6.790
12.156 54.009 5.745
12.771 55.252 5.752
12.841 51.805 6.723
14.333 51.789 6.385
13.004 51.280 8.327
11.517 53.517 4.598
11.634 54.445 3.479
10.991 55.801 3.671
11.825 56.552 3.170
10.832 53.638 2.361
11.900 52.758 1.714
13.130 52.564 1.920
11.508 51.966 0.765
9.863 55.882 4.237
9.373 57.230 4.377
10.194 58.102 5.370
10.240 59.297 5.267
8.222 56.980 5.237
6.950 57.424 4.598
5.789 56.576 5.039
5.887 55.389 4.708
4.908 57.246 5.752
10.883 57.488 6.319
11.783 58.159 7.305
12.958 58.594 6.466
13.163 59.822 6.679
12.412 57.166 8.342
13.596 57.924 5.642
14.622 58.296 4.811
14.333 59.604 4.009
14.980 60.693 3.935
15.339 57.359 3.950
16.183 56.528 5.017
16.547 57.658 2.987
15.666 55.083 4.973
13.228 59.531 3.354
12.752 60.629 2.479
12.445 61.824 3.340
12.855 62.873 2.795
11.494 60.048 1.780
11.830 61.711 4.495
11.499 62.817 5.377
12.762 63.584 5.679
12.622 64.762 6.098
10.730 62.518 6.547
13.932 63.075 5.554
15.102 63.664 5.863
15.726 64.601 4.774
16.491 65.602 5.142
16.290 62.558 6.025
16.015 61.743 7.680
15.288 64.278 3.531
16.029 65.255 2.611
17.400 64.754 2.222
17.605 63.608 2.442
18.211 65.691 1.596
19.530 65.392 1.111
20.499 66.264 1.905
20.867 67.483 1.810
19.707 65.667 -0.434
20.713 64.472 -0.787
19.991 63.382 -1.037
21.967 64.738 -0.780
20.900 65.376 2.854
21.813 65.715 3.921
22.825 64.657 3.788
22.634 63.551 3.465
21.124 65.667 5.429
19.949 66.668 5.385
20.406 64.520 5.907
23.897 65.206 4.355
24.969 64.286 4.458
25.048 63.293 5.510
25.813 62.357 5.414
26.148 65.150 4.870
25.733 66.514 4.965
24.279 66.595 4.884
24.279 63.463 6.709
24.396 62.534 7.746
22.988 62.566 8.496
22.443 63.527 8.915
25.328 62.841 8.702
25.570 61.646 9.754
26.717 61.872 10.541
27.379 62.825 10.784
27.244 60.750 10.968
22.443 61.380 8.562
21.226 60.968 9.099
21.529 60.314 10.453
22.275 59.265 10.343
20.252 60.185 8.217
19.982 61.024 6.951
18.947 59.668 8.989
19.241 60.161 5.877
20.970 60.750 11.622
21.277 60.104 12.880
20.177 59.265 13.314
18.984 59.765 13.344
21.552 61.259 13.947
22.741 62.058 13.564
24.237 61.323 13.307
24.787 60.500 14.587
20.280 57.973 13.594
19.194 57.141 14.065
19.436 56.948 15.624
20.695 56.512 15.933
19.138 55.704 13.278
18.290 54.703 13.984
18.830 56.156 11.806
18.541 57.384 16.411
18.933 57.497 17.890
18.322 56.487 18.736
18.346 56.576 19.979
18.653 58.885 18.331
17.069 59.208 18.375
19.413 59.927 17.404
16.812 60.330 19.332
17.619 55.543 18.133
17.031 54.445 18.743
15.572 54.195 18.817
14.859 55.042 18.250
15.111 53.250 19.457
15.400 52.168 20.273
15.703 50.982 19.420
16.043 50.957 18.309
15.782 49.859 20.060
16.094 48.511 19.493
15.726 48.180 18.096
16.421 47.930 17.206
14.458 48.148 17.941
13.857 47.817 16.632
14.300 48.648 15.529
14.533 48.358 14.477
12.314 47.599 16.823
12.268 46.178 17.596
11.583 45.088 16.904
11.214 45.290 15.381
12.123 45.379 14.322
13.358 44.806 13.998
11.555 46.267 13.403
14.361 49.948 15.926
14.803 51.054 14.999
16.276 50.747 14.661
16.677 50.909 13.469
14.407 52.451 15.573
15.083 53.525 14.638
12.976 52.685 15.668
17.092 50.449 15.632
18.495 50.134 15.315
18.672 48.907 14.234
19.408 48.955 13.447
19.408 49.892 16.463
19.665 51.143 17.390
19.935 52.435 16.860
19.418 50.877 18.765
20.257 53.347 17.941
19.641 51.845 19.721
20.061 53.089 19.243
20.322 54.187 20.052
17.726 47.978 14.587
17.754 46.654 13.793
17.479 46.921 12.446
18.024 46.412 11.549
16.863 45.629 14.381
17.227 44.822 15.595
16.141 44.119 16.360
14.962 43.950 15.801
16.467 43.910 17.551
16.500 47.728 12.167
16.090 48.132 10.828
17.101 49.028 10.159
17.227 48.988 8.915
14.710 48.891 10.865
13.703 47.857 11.461
12.389 48.487 11.461
11.685 48.689 10.313
11.960 48.907 12.571
17.861 49.876 10.828
18.812 50.715 10.048
20.042 50.231 9.982
20.830 50.707 9.107
18.677 52.209 10.600
17.488 52.943 10.181
17.661 53.775 8.982
16.309 53.064 10.865
16.556 54.590 8.651
15.195 53.751 10.460
15.475 54.461 9.283
20.620 49.343 10.769
21.981 48.907 10.740
22.499 48.366 9.386
23.557 48.713 9.092
22.238 47.865 11.711
23.305 47.373 12.468
23.561 46.009 12.527
24.619 48.180 12.527
21.823 47.550 8.717
22.503 47.034 7.510
22.783 48.035 6.495
23.412 48.075 5.488
21.352 46.218 6.951
20.122 46.089 7.643
20.327 47.074 8.842
22.051 49.157 6.665
22.070 50.400 5.870
23.147 51.442 6.319
23.575 52.443 5.635
20.779 51.167 5.797
19.646 50.739 4.789
18.150 51.216 5.458
23.622 51.232 7.584
24.466 52.063 8.231
25.934 51.975 7.915
26.712 51.095 7.922
24.372 51.773 9.828
26.377 53.226 7.819
27.840 53.420 7.672
28.623 53.791 8.849
29.863 53.662 8.864
28.208 54.170 6.510
29.089 55.067 5.745
28.670 55.341 4.208
28.800 56.439 3.619
28.059 54.300 3.509
28.073 54.388 9.953
28.940 54.760 11.085
28.115 54.477 12.373
26.997 54.639 12.262
29.215 56.286 10.931
30.185 57.141 10.754
30.744 58.368 11.328
31.275 59.531 10.593
31.765 60.702 11.725
28.712 54.203 13.270
28.446 53.888 14.734
29.159 54.832 15.595
30.301 55.083 15.661
28.600 52.410 15.131
27.896 51.514 14.079
28.166 50.029 14.874
26.405 51.514 14.006
28.222 55.567 16.419
28.744 56.439 17.551
28.493 55.729 18.765
27.090 55.688 19.037
28.176 57.811 17.412
28.409 58.619 16.088
27.705 58.336 14.903
29.304 59.587 16.271
28.022 59.289 13.918
29.541 60.532 15.242
28.838 60.379 14.065
29.178 61.210 13.035
29.057 55.091 19.508
28.754 54.292 20.737
29.448 54.768 21.847
30.516 55.212 21.987
29.220 52.790 20.450
28.674 52.088 19.229
29.453 50.675 19.170
27.202 52.039 18.978
28.558 54.760 22.973
28.959 55.099 24.290
28.973 53.718 25.003
27.780 53.331 25.216
28.264 56.318 24.981
28.232 57.279 24.150
28.796 56.576 26.371
30.008 53.153 25.452
30.077 51.918 26.121
30.185 52.281 27.600
31.084 53.000 28.063
31.177 50.852 25.842
31.229 50.425 24.466
30.432 49.464 24.025
31.839 50.901 23.355
30.562 49.157 22.715
31.424 50.069 22.267
29.071 51.934 28.313
29.103 52.281 29.740
29.294 51.095 30.675
28.651 50.061 30.483
27.528 52.927 30.027
27.309 54.195 29.108
27.388 53.363 31.616
25.929 54.356 28.630
30.017 51.361 31.704
30.371 50.247 32.734
29.360 50.126 33.632
29.509 50.416 34.794
31.858 50.384 33.234
32.832 50.263 32.094
32.925 49.779 30.895
33.858 50.973 32.352
28.213 49.577 33.198
27.076 49.399 34.073
26.493 48.067 33.771
26.046 47.825 32.631
25.943 50.473 33.941
26.130 47.341 34.728
25.468 46.000 34.676
24.046 46.315 34.919
23.533 46.767 35.941
26.092 45.080 35.684
27.696 45.064 35.581
28.367 43.740 36.015
27.780 42.642 35.618
29.453 43.780 36.751
23.244 46.154 33.926
21.813 46.485 33.963
21.072 45.217 33.565
21.594 44.636 32.580
21.636 47.631 33.036
20.229 47.970 32.734
22.536 48.883 33.440
19.893 44.999 34.124
19.213 43.708 33.580
18.444 43.974 32.337
17.744 44.959 32.366
18.392 43.110 34.676
18.402 43.159 36.162
17.311 42.820 37.236
16.015 43.013 37.023
17.805 42.368 38.428
18.481 43.361 31.226
17.581 43.788 30.160
17.171 42.787 29.056
17.936 41.899 28.718
15.936 43.199 28.424
15.698 42.142 27.313
16.402 42.489 26.003
16.901 41.576 25.238
14.081 41.891 27.180
13.694 41.060 28.468
14.211 39.938 28.703
12.925 41.681 29.255
16.425 43.837 25.783
16.919 44.450 24.635
18.318 44.741 24.598
18.835 45.088 25.496
16.122 45.799 24.209
14.789 45.476 24.532
16.220 46.033 22.693
18.835 44.394 23.414
20.327 44.620 23.282
20.536 45.306 21.958
19.721 45.153 21.068
21.152 43.304 23.076
20.993 42.384 24.238
21.781 42.279 25.283
19.856 41.657 24.518
21.310 41.625 26.224
20.024 41.221 25.695
21.529 46.041 21.715
22.033 46.654 20.567
22.214 45.565 19.486
22.732 44.555 20.045
23.249 47.454 20.810
23.538 48.293 19.633
22.802 49.520 19.251
24.591 47.906 18.721
23.109 50.295 18.118
24.843 48.616 17.478
24.135 49.859 17.257
21.753 45.750 18.316
22.037 44.531 17.338
23.384 43.893 17.294
24.316 44.733 17.500
21.599 44.951 15.977
21.058 46.340 16.051
20.975 46.759 17.500
23.832 42.699 17.000
25.202 42.117 16.941
25.785 42.674 15.632
25.118 42.747 14.565
25.300 40.543 16.551
26.554 39.857 17.125
27.756 39.695 16.845
26.213 39.154 18.287
26.894 43.110 15.705
27.747 43.764 14.683
29.122 43.062 15.043
29.621 42.908 16.183
27.812 45.266 14.749
28.441 45.855 15.940
27.933 46.025 17.125
29.830 46.130 15.837
28.539 46.396 18.265
30.539 46.630 16.889
29.905 46.808 18.074
30.502 47.228 19.207
29.565 42.747 13.866
30.944 42.020 13.859
31.905 43.102 13.815
31.960 43.651 12.755
30.758 40.955 12.674
30.758 39.599 13.241
32.571 43.579 14.874
33.517 44.701 14.763
34.617 44.475 13.741
35.372 45.476 13.579
33.895 45.242 16.139
33.564 44.055 17.051
32.496 43.126 16.294
34.687 43.401 13.020
35.605 43.070 11.954
35.209 43.611 10.541
35.946 43.433 9.401
35.447 41.520 11.556
34.053 44.095 10.394
33.405 44.685 9.217
33.284 46.170 9.445
32.552 46.711 8.805
31.965 43.998 9.335
31.578 42.876 8.393
32.338 42.448 7.400
30.380 42.432 8.783
34.016 46.711 10.409
33.983 48.059 10.916
35.326 48.398 11.564
35.755 47.655 12.380
32.902 48.108 12.233
31.513 47.865 11.954
30.805 46.703 11.976
30.581 48.883 11.483
29.462 46.864 11.549
29.374 48.293 11.196
30.697 50.231 11.247
28.227 48.891 10.762
29.574 50.788 10.784
28.376 50.150 10.629
35.904 49.512 11.255
37.074 50.198 11.725
36.934 51.280 12.880
36.300 52.265 12.719
37.521 50.957 10.490
38.915 51.563 10.563
39.316 51.805 9.188
38.635 52.774 8.584
40.173 50.949 8.835
37.544 51.191 14.109
37.540 52.088 15.139
38.341 53.202 14.638
39.553 53.040 14.278
38.118 51.991 16.500
37.791 50.957 17.279
37.721 54.292 14.587
38.332 55.607 14.116
38.565 56.334 15.418
39.427 57.230 15.381
37.288 56.156 13.189
36.808 57.569 13.167
37.698 55.591 11.799
37.819 56.173 16.544
38.010 57.036 17.713
37.600 56.245 18.890
36.640 55.519 18.773
37.130 58.223 17.441
36.985 59.216 18.611
37.894 60.177 18.809
36.002 58.950 19.611
37.796 60.960 19.927
35.848 59.781 20.641
36.757 60.726 20.810
38.262 56.342 19.949
38.034 55.640 21.207
38.598 56.520 22.370
39.740 56.851 22.274
38.784 54.292 21.303
38.365 53.759 22.465
37.763 56.883 23.363
38.244 57.666 24.488
37.456 57.319 25.709
36.127 57.472 25.731
37.945 59.119 24.061
38.407 60.209 24.952
37.698 61.582 24.657
36.631 62.106 24.885
38.458 62.155 23.973
38.183 56.964 26.754
37.591 56.504 27.990
37.535 57.634 28.975
38.430 58.457 29.005
38.528 55.414 28.497
38.104 54.824 29.851
37.111 53.815 29.807
38.742 55.285 31.006
36.663 53.331 30.976
38.192 54.768 32.146
37.283 53.823 32.138
36.524 57.432 29.755
36.458 58.401 30.836
36.099 57.811 32.109
35.219 56.899 32.190
35.330 59.515 30.520
35.652 60.298 29.314
36.197 61.598 29.593
35.521 59.959 28.048
36.486 62.082 28.394
36.020 61.081 27.563
36.547 58.167 33.227
36.244 57.739 34.522
34.874 58.449 35.029
34.696 59.450 34.485
37.339 58.134 35.596
38.458 56.939 35.684
38.183 55.769 36.066
39.516 57.464 35.243
34.235 57.779 35.875
32.991 58.288 36.567
33.387 59.491 37.324
34.729 59.539 37.641
32.483 57.230 37.700
32.860 60.467 37.744
33.009 61.646 38.494
31.933 62.155 39.266
30.791 61.501 39.310
33.760 62.623 37.479
32.804 63.245 36.427
31.588 63.301 36.552
33.471 63.737 35.515
31.821 63.317 39.870
30.809 63.939 40.605
29.425 64.141 39.855
28.474 64.157 40.605
31.466 65.029 41.429
29.630 64.270 38.604
28.344 64.399 37.677
28.045 63.253 36.949
26.922 63.132 36.375
28.903 65.416 36.736
28.320 66.764 37.258
29.206 67.410 38.156
30.595 67.313 38.016
28.451 67.959 39.097
28.949 62.252 36.677
28.782 61.073 35.853
28.875 59.846 36.714
29.910 59.620 37.310
29.788 61.073 34.684
29.313 62.090 33.720
28.488 62.130 32.837
29.956 63.204 33.882
27.831 59.038 36.868
27.644 57.876 37.633
28.549 56.713 37.368
28.917 55.963 38.310
26.204 57.464 37.655
25.780 57.036 36.353
28.987 56.520 36.155
29.737 55.365 35.794
30.823 55.793 34.816
30.669 56.883 34.205
28.917 54.364 34.912
27.649 53.864 35.662
26.507 54.534 35.971
27.621 52.717 36.184
25.747 53.848 36.706
26.353 52.669 36.773
31.853 54.945 34.617
32.832 54.962 33.573
32.142 54.768 32.330
31.191 53.993 32.013
34.081 54.187 33.941
34.748 54.727 35.044
32.655 55.252 31.248
32.310 55.317 29.873
33.289 55.511 28.916
34.198 56.294 29.071
31.042 56.302 29.770
31.373 57.763 30.027
31.373 58.263 31.314
31.788 58.708 29.012
31.853 59.628 31.726
32.161 59.902 29.350
32.203 60.346 30.660
32.613 61.654 30.917
33.182 55.002 27.842
33.899 54.970 26.563
33.331 55.470 25.452
32.338 54.719 24.996
34.613 53.573 26.526
36.034 53.759 25.290
33.569 56.463 24.724
33.163 56.923 23.436
33.774 56.302 22.311
35.032 56.350 22.443
33.191 58.490 23.201
32.459 59.305 24.216
31.094 59.135 24.503
33.158 60.403 24.760
30.446 59.870 25.444
32.529 61.218 25.790
31.154 60.920 26.121
33.116 55.842 21.288
33.676 55.099 20.133
33.065 55.414 18.839
31.825 55.607 18.861
33.545 53.549 20.354
34.543 53.097 21.369
34.841 51.724 21.715
36.132 51.167 22.451
37.190 50.885 21.244
33.713 55.632 17.691
33.284 55.906 16.463
33.778 54.744 15.587
35.013 54.590 15.668
33.601 57.262 15.624
32.972 58.272 16.595
32.702 57.384 14.432
33.391 59.838 16.433
32.925 54.090 14.896
33.270 52.992 14.006
32.846 53.194 12.711
31.718 53.759 12.461
32.664 51.748 14.594
33.266 51.030 15.654
33.811 51.652 16.875
32.534 49.811 16.036
33.606 52.976 11.600
33.298 53.202 10.225
33.242 51.829 9.533
34.067 50.998 9.828
34.310 53.936 9.504
34.193 55.317 9.864
34.911 56.479 9.372
35.410 56.245 8.224
35.009 57.634 10.034
32.189 51.684 8.812
31.849 50.465 8.062
32.860 50.505 6.804
32.739 51.377 5.907
30.525 50.352 7.305
30.189 48.786 7.231
28.814 48.971 6.554
28.115 47.777 7.282
26.861 47.801 7.812
25.924 48.665 7.731
26.498 46.687 8.584
33.592 49.480 7.054
34.659 49.036 6.032
33.951 47.793 5.282
33.704 48.253 3.980
35.899 48.487 6.547
36.216 47.712 7.812
33.513 46.695 5.892
  
11.228 77.720 60.974
11.569 76.420 61.334
12.711 75.685 60.275
12.645 76.347 59.223
10.357 75.548 61.364
10.040 74.402 60.584
8.623 73.707 59.981
8.385 74.749 58.532
13.181 74.611 60.871
14.058 73.998 59.915
13.526 72.658 59.370
13.167 71.810 60.150
15.461 73.699 60.547
16.006 75.306 60.915
16.584 72.868 59.782
17.017 75.249 61.908
13.778 72.432 58.098
13.438 71.229 57.399
14.496 70.640 56.678
15.461 71.358 56.126
12.338 71.584 56.354
11.308 72.109 57.016
14.719 69.267 56.693
15.670 68.573 55.861
15.153 67.951 54.604
13.960 67.418 54.765
16.491 67.491 56.524
17.455 68.097 57.649
17.264 69.219 58.458
17.870 66.877 58.495
15.656 68.064 53.463
15.125 67.451 52.206
16.174 66.538 51.749
17.330 66.942 51.558
14.542 68.605 51.404
13.969 67.661 50.124
15.619 69.598 50.926
12.981 68.516 49.190
15.889 65.287 51.477
16.859 64.318 51.065
16.388 63.293 50.168
15.120 62.841 50.234
17.577 63.576 52.389
16.985 62.615 49.278
16.770 61.468 48.454
17.423 60.338 49.197
18.751 60.427 49.065
17.111 61.767 46.917
16.994 59.240 49.528
17.614 58.070 50.146
17.455 56.843 49.432
16.323 56.479 48.991
16.868 57.828 51.507
17.246 58.562 52.713
17.339 60.112 52.654
16.672 58.167 54.074
18.444 56.068 49.072
18.397 54.744 48.410
18.178 53.912 49.668
17.861 54.106 50.852
19.660 54.477 47.711
18.010 52.556 49.388
17.856 51.514 50.477
19.105 51.660 51.455
20.229 52.120 51.183
18.047 50.150 49.844
17.870 48.907 50.896
16.607 49.819 49.087
18.779 51.466 52.676
19.669 51.555 53.802
20.168 52.968 54.089
21.105 53.266 54.677
20.993 50.651 53.662
20.653 49.157 53.831
19.763 48.681 54.420
21.492 48.463 53.140
19.273 53.920 53.559
19.586 55.236 53.905
20.839 55.825 53.250
21.245 56.899 53.618
19.539 55.607 55.376
18.434 55.083 56.325
18.663 55.963 57.612
19.548 55.123 58.429
20.704 54.784 58.701
21.762 55.680 59.113
21.105 53.476 58.385
21.226 55.365 52.110
22.354 55.785 51.301
21.977 57.149 50.646
20.858 57.166 50.146
22.746 54.719 50.197
23.878 55.228 49.359
23.389 53.557 51.117
22.816 58.102 50.830
22.555 59.410 50.344
23.603 59.870 49.396
23.412 60.702 48.469
22.168 60.564 51.264
23.417 60.758 52.323
20.853 60.338 52.022
23.412 62.106 53.103
24.834 59.256 49.322
25.971 59.660 48.483
26.983 58.570 48.277
26.997 57.755 49.116
27.486 58.586 47.167
28.474 57.585 46.556
29.653 58.481 46.335
29.798 59.717 46.365
28.017 56.875 45.254
27.062 55.753 45.931
26.055 55.010 44.658
27.253 53.678 44.077
30.777 57.828 45.887
31.919 58.756 45.556
31.727 59.555 44.268
32.147 60.637 43.967
33.056 57.723 45.166
33.690 56.770 45.887
34.967 55.882 45.497
35.605 56.455 44.496
34.934 54.873 46.453
30.898 58.861 43.356
30.618 59.620 42.032
29.066 59.854 42.135
28.367 59.709 42.988
30.902 58.594 41.069
32.552 58.191 41.032
33.298 59.095 40.995
32.366 56.818 41.083
28.595 60.395 40.966
27.122 60.702 40.796
26.265 59.474 41.127
26.773 58.385 40.892
26.843 61.267 39.509
25.104 59.628 41.753
24.111 58.586 42.047
23.697 58.094 40.811
23.510 58.659 39.818
23.119 58.788 43.025
23.482 59.499 44.342
24.302 58.368 45.409
22.918 57.634 46.196
23.519 56.673 40.671
23.170 56.003 39.428
21.641 55.858 39.244
21.152 54.752 39.244
23.916 54.679 39.575
23.687 54.348 41.024
23.766 55.680 41.863
21.044 56.988 39.119
19.609 56.988 38.854
19.408 58.336 38.134
20.140 59.281 38.082
18.910 56.972 40.193
19.213 57.900 41.260
19.096 59.232 41.113
19.474 57.690 42.569
19.245 59.927 42.348
19.539 58.966 43.239
19.613 56.560 43.349
19.721 59.184 44.599
19.879 56.826 44.813
19.879 57.989 45.225
18.360 58.393 37.442
17.842 59.434 36.699
16.295 59.628 37.111
15.484 58.885 36.648
18.085 58.901 35.250
17.786 60.112 34.411
17.507 61.291 34.522
17.605 60.040 33.080
16.337 60.718 37.964
15.008 60.984 38.612
14.514 62.373 38.590
14.435 63.107 39.472
14.943 60.387 40.046
15.353 58.966 40.333
15.335 58.950 41.892
14.072 58.183 39.789
14.123 62.744 37.324
13.629 64.084 37.163
12.477 64.447 37.964
12.123 65.545 38.442
13.275 64.213 35.728
13.233 62.897 35.125
14.202 62.106 35.927
11.639 63.398 38.332
10.539 63.592 39.274
10.860 64.100 40.539
10.264 64.827 41.304
9.434 62.486 39.207
12.011 63.495 41.083
12.655 63.866 42.363
13.149 65.336 42.238
12.995 65.989 43.283
13.685 62.873 42.863
14.155 63.301 44.187
13.610 63.519 45.210
15.395 63.769 43.996
13.811 65.707 41.201
14.197 67.184 41.076
13.032 68.088 40.988
13.279 69.114 41.576
15.181 67.176 39.803
16.519 66.555 40.134
17.367 66.700 38.796
17.483 67.095 41.355
11.965 67.741 40.377
10.776 68.670 40.311
10.212 68.565 41.701
9.923 69.760 42.150
9.765 67.967 39.310
10.194 67.661 42.562
9.737 67.628 43.908
10.683 68.492 44.688
10.291 69.380 45.570
9.672 66.240 44.423
9.811 66.030 45.960
10.800 65.788 46.850
8.581 65.998 46.769
10.305 65.626 48.027
8.940 65.699 48.152
7.164 66.175 46.497
7.961 65.618 49.168
6.260 66.078 47.483
6.689 65.804 48.792
11.932 68.411 44.629
13.037 69.178 45.254
12.757 70.728 44.901
12.790 71.334 45.901
14.430 68.702 44.776
15.526 69.501 45.350
16.057 69.324 46.622
16.020 70.551 44.496
17.031 70.058 47.159
17.008 71.390 45.085
17.651 71.084 46.416
12.711 71.051 43.673
12.464 72.496 43.378
11.186 72.948 43.901
11.158 74.030 44.460
12.319 72.521 41.812
12.436 74.046 41.333
12.272 74.022 39.862
12.249 75.532 39.347
11.634 75.370 37.869
10.105 72.335 43.871
8.833 72.730 44.313
8.833 73.199 45.740
8.273 73.974 46.365
7.658 71.600 44.195
6.264 71.867 44.504
5.295 70.559 44.945
4.409 70.204 43.717
3.412 71.156 43.136
2.848 72.181 43.687
3.183 71.035 41.789
9.602 72.190 46.497
9.714 72.335 47.968
10.874 73.263 48.410
10.907 73.449 49.660
9.853 70.898 48.623
8.441 70.292 48.719
7.411 70.704 49.131
8.441 69.065 48.005
11.592 73.683 47.549
12.743 74.515 48.057
12.585 75.968 47.424
13.275 76.872 47.961
14.211 73.974 47.586
14.314 73.732 46.232
14.524 72.787 48.483
11.867 76.162 46.365
11.746 77.486 45.718
11.359 78.527 46.666
10.492 78.414 47.593
10.846 77.413 44.570
11.177 78.147 43.386
12.477 78.091 42.554
10.119 77.494 42.304
11.923 79.617 46.600
11.778 80.804 47.431
12.039 80.771 48.866
11.489 81.514 49.727
10.268 81.369 47.115
10.291 81.797 45.570
11.135 82.241 44.607
9.108 81.312 45.497
13.046 79.770 49.138
13.386 79.504 50.558
14.999 79.504 50.455
15.479 79.286 49.440
12.948 78.147 51.146
11.387 77.897 51.161
10.958 76.638 51.742
9.415 76.371 50.984
9.154 75.047 51.669
15.372 79.859 51.676
16.863 79.649 51.632
17.339 78.228 51.735
16.630 77.405 52.397
17.288 80.255 53.000
16.090 80.376 53.897
15.008 80.408 52.890
18.262 77.744 51.043
18.928 76.460 51.080
20.289 76.396 51.786
21.152 77.276 51.286
18.737 75.774 49.749
17.339 75.516 49.182
19.623 76.484 48.704
20.425 75.516 52.684
21.795 75.338 53.235
22.396 74.103 52.676
21.772 72.973 52.882
21.790 75.378 54.758
21.399 76.832 55.280
23.207 75.023 55.391
20.979 76.638 56.722
23.715 73.998 52.360
24.386 72.916 51.867
25.906 72.932 52.331
26.307 73.949 52.500
24.265 72.658 50.264
25.016 73.893 49.484
24.596 73.958 47.792
23.552 75.136 47.895
26.409 71.689 52.125
27.882 71.673 52.316
28.497 71.867 51.080
27.975 71.915 49.866
29.938 72.004 51.176
30.646 72.165 49.933
30.646 71.261 48.778
30.646 71.390 47.630
32.287 72.198 50.470
33.074 73.013 49.256
34.501 73.110 49.763
34.547 74.337 50.617
35.093 75.508 49.999
35.195 75.750 48.697
35.587 76.379 50.933
30.683 69.986 49.101
30.921 69.671 49.123
30.693 68.807 48.219
30.623 68.637 48.130
29.383 68.718 47.527
29.257 68.920 47.505
29.276 68.500 46.277
29.047 68.589 46.321
31.066 67.418 49.057
30.669 67.200 48.711
32.450 67.830 49.896
30.744 66.119 47.682
67.919 49.366 1.00
65.255 47.431 0.50
68.331 51.257 1.00
65.739 46.836 0.50
68.468 50.212 1.00
64.439 46.497 0.56
68.637 51.293 1.00
64.698 46.107 0.51
28.208 69.073 48.123
26.950 69.186 47.505
27.080 70.446 46.549
26.554 70.228 45.460
25.761 69.340 48.402
25.747 68.137 49.160
24.302 69.412 47.821
27.565 71.673 47.042
27.672 72.714 46.093
28.418 72.311 44.805
28.059 72.690 43.768
28.358 73.723 46.924
29.052 74.862 46.071
30.404 75.039 45.850
28.334 75.782 45.210
30.581 76.040 44.930
29.280 76.484 44.541
26.992 76.008 44.938
28.856 77.607 43.621
26.642 76.985 44.151
27.574 77.808 43.511
29.490 71.600 44.982
30.329 71.293 43.717
29.700 70.381 42.871
29.816 70.405 41.701
31.588 70.744 44.261
32.562 71.334 45.181
33.932 70.801 45.592
34.184 69.638 45.225
34.720 71.681 46.284
28.833 69.574 43.334
28.036 68.581 42.650
26.894 69.299 41.900
26.619 68.823 40.848
27.248 67.669 43.643
28.348 66.684 43.996
26.377 70.341 42.400
25.263 71.043 41.672
25.994 71.842 40.487
25.141 71.737 39.494
24.340 71.818 42.525
23.683 70.874 43.724
23.286 72.642 41.686
23.128 71.770 44.805
27.076 72.375 40.774
27.486 73.053 39.502
27.197 74.442 39.590
28.013 75.354 39.163
26.106 74.959 40.046
25.915 76.388 40.112
25.025 76.751 41.127
24.494 75.814 41.863
25.155 76.589 38.685
23.869 76.170 38.266
22.932 75.112 38.016
21.501 74.733 38.082
20.191 74.611 37.567
19.390 75.451 36.854
19.548 73.384 37.707
24.731 77.986 41.275
23.711 78.414 42.238
22.308 78.018 41.738
21.818 77.800 40.620
23.575 80.004 42.268
25.016 80.206 42.025
25.333 79.237 40.701
21.497 77.502 42.753
20.117 77.082 42.444
19.236 78.414 42.268
19.222 79.229 43.091
19.502 76.081 43.658
20.168 74.652 43.665
19.651 74.224 45.100
19.586 73.885 42.496
18.532 78.244 41.069
17.702 79.520 40.848
16.789 80.133 41.598
16.001 79.060 42.209
17.339 79.358 39.377
17.171 77.970 39.156
18.504 77.421 39.870
16.365 81.110 42.165
15.325 81.441 42.966
15.363 81.151 44.401
14.291 81.022 44.989
16.467 80.868 44.982
16.565 80.569 46.387
17.963 81.231 46.777
18.905 81.522 45.960
17.045 78.898 46.262
15.642 78.244 46.365
15.731 76.848 45.666
15.829 76.872 44.217
15.764 75.919 43.422
15.777 74.507 44.040
15.885 76.081 42.179
18.089 81.433 48.064
19.315 81.958 48.623
20.103 80.739 49.057
19.856 79.972 49.896
18.905 82.733 49.830
19.991 83.258 50.705
19.884 84.541 51.411
21.114 84.800 52.147
21.767 86.188 52.397
21.240 80.642 48.439
22.322 79.657 48.513
23.165 79.714 49.624
23.930 80.828 49.476
22.899 79.302 47.203
22.112 78.745 46.218
22.158 77.712 45.592
21.040 79.520 45.637
23.375 79.108 50.617
24.205 79.221 51.801
25.174 78.156 51.742
24.526 76.920 51.794
23.384 79.641 53.022
22.517 80.900 52.904
24.498 79.714 54.170
21.315 80.852 53.839
26.437 78.228 51.919
27.393 77.041 51.786
28.017 77.090 53.177
28.567 78.156 53.728
28.399 76.832 50.690
28.162 76.888 49.248
29.206 75.500 50.565
26.759 77.332 48.579
27.868 76.008 53.861
28.330 75.645 55.170
29.616 74.838 54.890
29.728 73.788 54.412
27.463 74.838 56.141
28.031 74.498 57.472
28.344 75.750 58.392
26.805 74.038 58.318
30.781 75.596 55.288
32.147 75.152 55.001
33.228 75.895 55.869
33.126 77.155 56.045
32.529 75.508 53.515
33.755 74.757 53.316
34.165 75.047 56.251
33.955 75.282 56.237
35.274 75.693 57.009
35.121 75.863 56.928
36.230 76.315 56.097
36.076 76.517 55.920
37.097 77.138 56.546
37.018 77.211 56.347
35.997 74.571 57.796
35.820 74.862 57.818
35.307 74.442 59.017
36.649 73.925 57.186
36.183 76.008 54.898
37.148 76.484 53.883
36.398 77.671 53.316
35.167 77.978 53.368
37.861 75.395 53.081
38.719 74.587 54.177
37.899 73.263 54.383
37.586 72.222 53.662
37.316 73.126 55.641
37.260 78.551 52.757
36.766 79.843 52.242
36.225 79.827 50.859
36.598 78.939 50.094
37.987 80.731 52.470
39.180 79.907 53.051
38.770 78.470 52.617
35.391 80.804 50.550
34.729 80.836 49.322
35.260 80.997 47.976
36.141 81.877 47.733
34.785 80.335 47.027
35.181 80.311 45.659
34.119 81.102 44.894
34.380 81.603 43.702
35.400 78.769 45.313
34.212 78.034 44.607
35.755 77.687 46.424
32.916 81.377 45.269
32.016 81.982 44.393
31.252 83.080 45.056
30.711 83.032 46.129
31.247 80.941 43.695
30.264 81.223 42.635
29.252 81.942 42.437
30.707 80.473 41.657
31.168 84.130 44.305
30.511 85.397 44.769
29.033 85.341 44.717
28.437 86.277 45.217
30.921 86.673 43.820
32.385 86.963 43.923
32.851 87.189 45.063
33.121 86.996 43.018
28.511 84.453 44.011
27.043 84.380 43.805
26.349 83.678 44.982
25.086 83.766 44.967
26.763 83.621 42.554
27.602 84.073 41.289
27.188 83.096 40.289
28.185 81.998 40.223
28.027 81.062 39.200
27.188 81.126 38.104
28.740 80.020 39.575
27.076 83.258 45.968
26.479 82.515 47.130
26.805 82.935 48.476
27.845 83.815 48.292
26.698 80.892 46.806
26.013 80.658 45.416
28.171 80.618 47.056
26.372 82.652 49.602
26.866 83.104 50.823
27.607 81.982 51.426
27.099 80.860 51.396
25.850 83.573 51.830
24.992 84.477 51.029
25.878 83.799 53.309
28.782 82.273 51.867
29.602 81.239 52.544
29.555 81.546 53.978
29.733 82.660 54.501
31.028 81.353 52.117
31.163 81.086 50.712
30.916 82.015 49.690
31.452 79.924 49.969
31.014 81.538 48.594
31.448 80.174 48.682
31.727 78.575 50.344
31.695 79.165 47.718
32.049 77.518 49.594
31.998 77.962 48.314
29.392 80.392 54.824
29.276 80.448 56.244
30.208 79.334 56.832
30.483 78.390 56.178
27.863 80.586 56.921
27.272 81.837 56.391
27.015 79.245 56.494
30.548 79.617 58.068
31.476 78.688 58.664
30.837 78.147 59.907
31.602 77.324 60.584
32.692 79.698 59.135
33.587 80.166 58.031
35.023 79.585 58.399
36.281 80.214 57.759
37.610 79.334 57.951
29.639 78.430 60.341
29.024 77.849 61.430
27.579 77.574 61.099
27.024 78.309 60.231
29.113 78.664 62.798
28.418 79.899 62.791
27.057 76.638 61.923
25.687 76.379 61.893
24.983 77.631 62.291
24.041 77.905 61.680
25.132 75.225 62.798
23.776 74.991 63.350
25.608 73.966 62.018
25.333 78.365 63.446
24.680 79.593 63.799
24.964 80.602 62.776
23.999 81.385 62.651
24.978 80.061 65.255
24.442 79.181 66.329
23.449 78.269 66.278
24.936 79.213 67.558
25.920 80.868 61.989
25.873 81.885 60.981
25.076 81.554 59.804
24.484 82.337 59.083
27.337 81.837 60.533
28.399 82.725 61.305
29.840 82.313 60.827
30.040 82.563 59.525
30.516 81.772 61.849
24.960 80.206 59.495
24.037 79.657 58.370
22.727 80.037 58.973
22.172 80.594 57.987
24.410 78.139 58.282
22.177 79.907 60.091
20.886 80.303 60.510
20.625 81.772 60.349
19.609 82.305 59.870
20.588 79.786 61.908
20.616 78.220 61.871
19.213 80.263 62.445
20.294 77.227 63.011
21.636 82.426 60.952
21.473 83.920 60.871
21.422 84.493 59.510
20.765 85.454 59.186
22.685 84.420 61.680
22.172 83.839 58.598
22.098 84.356 57.289
20.821 84.243 56.494
20.709 84.776 55.339
23.170 83.484 56.641
19.954 83.452 56.950
18.611 82.983 56.406
17.633 84.049 56.796
16.696 84.348 55.898
18.103 81.684 57.127
19.050 80.335 56.501
17.912 84.630 57.987
16.999 85.680 58.348
15.764 85.220 59.105
15.736 84.315 59.907
14.766 86.075 58.649
13.386 85.865 59.186
12.468 85.308 58.002
11.900 85.938 57.178
12.669 87.012 59.723
13.261 87.682 60.930
14.463 87.892 61.305
11.988 87.803 61.283
12.491 84.057 57.899
11.900 83.242 56.943
11.238 82.208 57.870
11.713 81.675 58.833
12.869 82.644 55.847
13.205 83.952 55.104
13.839 81.692 56.325
9.984 81.942 57.281
9.490 80.828 58.002
10.072 79.447 58.002
9.821 78.527 58.914
8.031 80.836 57.311
7.966 81.611 56.119
9.280 82.483 56.185
10.758 79.165 56.877
11.308 77.712 56.832
12.613 77.825 56.009
12.888 78.398 54.876
10.315 76.928 55.935
10.511 75.378 55.913
9.732 74.450 55.111
8.986 74.902 54.324
9.811 73.296 55.405
13.559 77.171 56.568
14.901 77.009 56.097
15.008 75.500 55.648
14.715 74.620 56.391
15.894 77.259 57.215
15.819 78.874 57.693
17.330 77.017 56.766
16.449 79.124 59.128
15.582 75.362 54.530
15.838 74.063 53.861
17.260 73.522 53.934
18.043 74.280 53.419
15.316 74.063 52.389
13.871 74.531 52.235
12.603 73.401 53.147
12.589 71.939 52.279
17.539 72.424 54.508
18.933 71.883 54.523
19.045 71.027 53.471
18.164 69.921 53.530
19.208 71.293 55.884
20.564 70.575 55.964
19.161 72.311 56.855
19.777 70.825 52.537
19.856 70.074 51.345
20.895 68.952 51.176
20.961 68.210 50.264
19.665 70.906 50.116
20.933 71.649 49.587
18.369 71.778 50.080
20.802 72.020 47.998
21.641 68.936 52.257
22.760 67.935 52.331
24.186 68.532 52.353
24.316 69.727 52.103
25.151 67.620 52.375
25.076 66.135 52.434
25.016 65.804 53.919
24.526 66.264 54.846
25.663 64.536 54.030
25.612 63.818 55.442
25.822 64.407 56.700
25.127 64.447 57.649
27.015 65.101 56.641
27.379 65.763 57.906
26.619 66.966 58.127
26.423 67.418 59.216
28.889 66.393 57.921
29.886 65.279 58.142
30.338 65.126 59.554
31.163 65.925 60.327
30.828 66.877 61.239
29.653 66.942 61.842
31.606 67.854 61.702
26.148 67.701 57.105
25.281 68.815 57.259
23.939 68.395 57.899
23.305 68.960 58.730
25.025 69.566 55.847
24.041 70.688 55.994
26.400 70.220 55.472
23.463 67.168 57.296
22.130 66.716 57.899
22.405 66.337 59.422
21.450 66.619 60.187
21.725 65.416 57.083
21.077 65.763 55.670
20.233 66.773 55.332
21.678 64.657 54.707
19.888 66.676 54.045
21.273 64.778 53.346
20.392 65.901 53.162
19.861 65.868 51.919
23.505 65.723 59.665
23.724 65.344 61.121
23.715 66.409 62.041
23.021 66.659 63.056
24.857 64.625 61.099
25.361 63.446 60.496
26.847 63.180 61.202
27.090 63.390 62.460
27.542 62.801 60.179
24.261 67.628 61.665
24.274 68.847 62.497
23.081 69.477 62.658
22.694 70.115 63.629
25.374 69.735 61.732
26.805 69.114 62.004
27.789 70.187 61.504
28.250 71.293 62.136
28.120 69.953 60.194
22.261 69.461 61.562
20.914 70.066 61.562
19.739 69.211 62.121
18.802 69.816 62.519
20.602 70.769 60.290
21.413 72.028 60.069
20.718 73.247 60.466
22.643 72.141 59.385
21.268 74.507 60.076
23.063 73.433 59.194
22.466 74.531 59.444
19.958 67.992 62.077
18.882 66.982 62.622
18.229 67.370 63.887
16.929 67.523 63.894
19.063 65.457 62.430
17.852 64.456 62.592
16.612 64.730 61.702
18.625 63.083 62.246
19.063 67.507 64.939
18.257 67.806 66.079
17.469 69.073 66.167
16.602 69.138 67.116
19.334 67.798 67.190
20.522 68.274 66.667
20.355 67.160 65.586
17.665 70.042 65.365
16.989 71.277 65.226
15.689 71.253 64.269
14.873 72.101 64.174
18.033 72.375 64.725
19.222 72.512 65.616
20.247 73.497 65.571
20.201 74.692 66.461
20.755 74.587 67.889
15.708 70.139 63.453
14.673 69.978 62.342
13.293 69.590 62.901
13.200 68.718 63.754
15.144 68.872 61.356
12.328 70.147 62.357
10.958 69.873 62.673
10.124 68.993 61.680
9.075 68.532 61.798
10.352 71.310 62.798
10.753 72.181 64.078
10.991 71.479 65.439
10.156 70.648 65.991
12.189 71.568 66.211
10.739 68.912 60.415
10.138 68.371 59.208
11.149 67.798 58.340
12.258 68.282 58.223
9.308 69.453 58.657
8.432 69.243 57.509
7.458 70.478 57.517
6.665 70.317 56.325
5.579 71.229 55.898
10.818 66.724 57.649
11.606 65.925 56.847
10.916 65.780 55.442
9.769 65.327 55.538
12.049 64.480 57.369
12.669 64.278 58.819
13.153 62.922 59.010
14.048 65.118 58.745
11.471 66.014 54.493
10.841 65.747 53.066
11.722 64.900 52.544
13.037 64.867 52.183
10.851 66.958 52.088
10.245 68.282 52.654
10.636 68.928 53.640
9.122 68.581 52.029
9.975 70.091 54.140
8.376 69.840 52.360
8.879 70.518 53.419
8.175 71.721 53.662
11.317 63.600 52.360
12.016 62.389 51.992
11.569 61.759 50.698
10.417 61.638 50.573
12.156 61.242 53.110
12.631 61.743 54.596
12.477 60.508 55.427
14.039 62.211 54.398
12.603 61.420 49.896
12.314 60.629 48.726
13.004 59.256 48.991
14.244 59.192 48.969
12.720 61.186 47.395
12.244 62.478 47.262
12.342 60.435 46.078
12.193 58.142 49.035
12.725 56.786 49.248
13.032 56.189 47.858
11.979 56.108 47.159
11.918 56.003 50.219
11.816 56.520 51.595
12.976 56.302 52.573
11.000 57.141 52.257
12.519 56.802 53.633
11.433 57.392 53.471
13.988 55.793 47.358
14.230 55.260 46.049
14.566 53.678 46.225
15.391 53.395 46.968
15.381 56.140 45.475
14.966 57.682 45.328
15.764 55.494 43.989
16.225 58.683 45.173
13.960 53.000 45.320
14.286 51.466 45.409
15.516 51.224 44.607
15.414 50.707 43.342
13.004 50.828 44.916
13.107 49.181 45.056
13.955 48.648 45.968
12.221 48.697 44.173
16.598 51.579 45.107
17.945 51.409 44.496
18.854 50.772 45.453
18.998 51.232 46.615
18.523 52.750 43.937
19.525 49.690 45.070
20.397 49.020 46.085
21.767 49.310 45.600
22.391 49.052 44.541
19.954 47.510 46.152
19.301 46.961 47.417
19.558 45.774 48.358
20.397 44.822 47.888
19.241 45.306 49.646
22.517 50.110 46.387
23.846 50.764 46.115
24.755 50.691 47.358
24.223 50.691 48.454
23.627 52.257 45.629
23.305 51.862 44.114
22.806 53.145 46.409
26.050 50.723 47.056
27.020 50.723 48.182
27.285 52.120 48.483
27.845 52.766 47.645
28.316 49.916 47.623
29.290 49.456 48.542
30.730 49.044 48.822
31.569 49.464 47.902
30.935 48.366 49.925
27.015 52.685 49.594
27.388 54.122 49.550
28.511 54.614 50.506
28.894 53.823 51.249
28.782 55.777 50.264
28.674 55.559 50.389
29.765 56.399 51.109
29.919 56.148 50.940
29.197 56.931 52.257
29.588 56.786 52.286
29.793 56.931 53.419
30.436 56.931 53.184
30.301 57.375 50.072
30.516 57.053 49.888
31.294 58.465 50.646
31.863 56.576 49.278
58.199 51.919 1.00
55.591 48.520 0.37
59.450 49.749 1.00
57.198 49.616 0.41
28.106 57.819 52.095
27.449 58.586 53.125
25.948 58.183 53.191
25.398 57.747 52.213
27.635 60.088 53.037
27.141 60.524 51.580
29.061 60.750 53.051
25.421 58.272 54.302
24.139 57.844 54.714
23.403 58.909 55.420
24.139 59.781 56.178
24.372 56.649 55.744
24.913 55.406 55.141
24.284 54.219 54.743
26.246 55.341 54.692
25.151 53.525 54.052
26.358 54.178 54.022
22.126 58.942 55.420
21.296 59.878 56.185
21.371 59.378 57.620
21.441 58.142 57.833
19.781 59.741 55.604
18.900 60.928 55.994
19.059 62.171 55.560
18.015 60.798 57.031
18.313 63.220 55.906
17.232 61.816 57.524
17.400 63.123 56.943
21.347 60.290 58.561
21.427 59.846 59.922
20.173 59.095 60.275
19.054 58.998 59.731
21.501 61.105 60.738
21.361 62.155 59.900
21.389 61.816 58.473
20.508 58.239 61.253
19.446 57.287 61.805
18.434 58.183 62.519
19.008 59.063 63.232
19.968 56.205 62.776
19.068 54.905 62.629
17.940 54.792 61.974
19.544 53.856 63.284
17.185 58.070 62.166
16.211 58.966 62.953
15.349 57.860 63.637
15.353 56.673 63.269
15.526 59.846 61.967
14.622 59.265 60.908
15.288 58.901 59.797
13.275 59.192 60.959
14.608 58.385 58.789
12.538 58.675 59.863
13.228 58.288 58.811
12.799 57.577 57.597
14.566 58.199 64.578
13.633 57.408 65.395
12.272 57.634 64.740
11.722 58.667 64.748
13.629 58.062 66.873
12.794 57.117 67.889
11.858 56.576 64.108
10.627 56.608 63.343
9.411 56.713 64.144
8.469 57.198 63.490
10.697 55.567 62.202
11.340 54.453 63.048
12.422 55.196 64.041
9.508 56.399 65.395
8.343 56.592 66.292
8.399 57.949 66.631
7.341 58.377 67.109
8.436 55.494 67.550
9.439 58.812 66.432
9.280 60.217 66.807
8.753 61.194 65.660
8.609 62.381 66.035
10.786 60.710 66.954
11.489 60.201 68.183
10.897 59.692 69.117
12.752 60.435 68.080
8.418 60.613 64.564
7.980 61.501 63.387
6.581 60.871 62.894
6.269 59.652 62.967
8.889 61.347 62.283
10.240 61.799 62.577
11.242 61.065 63.225
10.739 63.115 62.408
12.254 61.929 63.453
11.988 63.196 63.070
10.170 64.213 61.923
12.655 64.415 62.886
10.804 65.505 61.827
12.063 65.521 62.276
5.817 61.678 62.430
4.456 61.388 61.967
4.526 61.622 60.430
4.684 62.768 59.973
3.612 62.348 62.673
2.069 62.292 62.048
1.165 63.261 62.761
1.454 64.149 63.578
0.023 63.204 62.136
4.111 60.645 59.569
4.022 60.815 58.157
2.815 61.662 57.884
1.683 61.428 58.252
3.920 59.361 57.450
3.985 59.717 56.067
2.722 62.792 57.266
1.697 63.584 56.877
1.450 63.608 55.361
0.466 64.165 54.817
1.762 65.021 57.443
1.706 64.956 59.076
2.960 65.884 56.943
2.289 62.865 54.582
2.023 62.776 53.110
3.006 61.606 52.720
4.130 61.533 53.110
2.550 64.060 52.419
2.424 64.068 50.948
1.179 64.254 50.344
3.482 63.753 50.205
0.974 64.254 48.991
3.272 63.681 48.866
2.181 63.971 48.270
2.331 60.920 51.875
3.011 59.692 51.205
2.484 59.604 49.800
1.305 59.709 49.432
2.540 58.603 52.198
3.160 57.706 51.830
3.393 59.353 48.844
2.983 59.143 47.476
4.032 58.247 46.711
5.043 58.675 46.402
2.899 60.435 46.733
2.223 60.427 45.364
2.200 61.614 44.666
2.960 62.139 43.930
1.156 62.373 45.100
3.510 57.053 46.203
4.395 56.132 45.504
4.078 56.229 44.004
3.132 56.495 43.452
3.817 54.744 45.887
4.736 53.621 45.387
6.017 53.355 45.740
4.325 52.992 44.224
6.717 52.386 45.048
4.955 51.999 43.430
6.199 51.619 43.989
5.244 56.035 43.364
5.346 56.003 41.944
6.358 54.994 41.480
7.486 54.736 41.848
5.905 57.343 41.444
5.136 58.562 41.738
4.232 58.885 40.855
5.183 59.273 42.841
3.636 59.999 41.311
4.106 60.314 42.422
5.910 54.219 40.392
6.814 53.363 39.700
7.784 54.138 38.693
7.546 55.325 38.310
5.966 52.346 38.781
5.118 51.232 39.472
5.635 50.788 40.502
4.083 50.973 38.722
8.837 53.347 38.354
9.797 53.815 37.229
8.921 54.074 35.963
7.789 53.371 35.875
10.921 52.790 37.015
9.359 54.962 35.147
8.693 55.228 33.860
9.709 55.616 32.859
10.869 55.398 33.051
7.528 56.245 34.102
7.980 57.610 34.544
9.084 57.973 34.375
7.103 58.239 35.221
9.131 56.181 31.719
9.942 56.504 30.564
10.958 57.569 30.947
11.951 57.513 30.189
9.205 57.182 29.424
10.730 58.320 32.080
11.732 59.313 32.330
12.468 59.119 33.654
13.391 59.814 33.911
11.042 60.702 32.425
10.590 60.968 30.880
10.021 62.308 31.013
10.511 63.075 30.263
9.187 62.817 31.756
11.955 58.215 34.507
12.496 58.021 35.868
12.953 56.633 36.074
12.184 55.656 35.816
11.424 58.377 37.045
11.051 59.846 36.868
11.699 60.548 37.530
9.989 60.201 36.089
14.225 56.318 36.339
14.864 54.986 36.287
14.407 54.017 37.332
14.608 52.766 37.170
16.411 55.341 36.199
16.803 55.745 37.464
13.899 54.429 38.465
13.550 53.678 39.583
12.277 54.057 40.223
11.923 55.171 39.928
14.608 53.880 40.532
16.164 53.379 40.311
17.083 54.082 39.509
16.761 52.184 40.627
18.178 53.315 39.531
18.001 52.217 40.156
11.662 53.218 40.921
10.478 53.573 41.686
10.921 54.372 42.908
12.095 54.259 43.437
9.527 52.362 41.973
10.119 51.805 43.040
10.058 55.236 43.408
10.198 56.156 44.526
9.117 56.576 45.335
8.022 56.407 44.666
10.879 57.448 43.930
10.175 58.150 42.805
10.264 57.593 41.480
9.247 59.208 43.003
9.588 58.183 40.407
8.581 59.700 41.966
8.749 59.248 40.605
7.989 59.709 39.737
9.271 56.939 46.453
8.059 57.456 47.145
8.385 58.764 47.814
9.415 58.724 48.476
7.751 56.342 48.211
6.339 56.576 49.307
7.569 59.660 47.829
7.593 60.944 48.476
7.005 60.895 49.896
5.882 60.322 49.859
6.996 61.993 47.689
7.602 62.268 46.431
9.033 62.308 46.129
6.786 62.324 45.320
9.480 62.615 44.894
7.276 62.623 43.937
8.697 62.696 43.856
7.565 61.299 50.852
7.033 61.477 52.183
7.276 62.768 52.904
8.516 63.237 52.625
7.630 60.411 53.235
7.360 59.119 52.720
7.467 58.385 54.074
7.103 57.093 53.059
5.668 56.705 53.684
6.497 63.293 53.647
6.819 64.447 54.508
6.497 63.858 55.839
5.491 63.325 56.170
6.027 65.675 54.170
6.204 66.062 52.750
6.306 66.805 55.185
5.369 67.023 52.080
7.388 64.125 56.766
7.346 63.729 58.245
7.551 65.037 59.002
8.217 65.949 58.686
8.492 62.776 58.598
8.399 61.468 57.811
9.499 60.548 58.252
7.397 60.653 57.259
6.717 64.964 60.099
6.661 66.127 60.996
6.945 65.505 62.364
6.530 64.480 62.703
5.430 66.853 60.959
4.931 67.620 59.863
3.636 68.460 60.246
2.941 68.339 61.209
3.524 69.186 59.253
7.854 66.127 63.122
8.283 65.739 64.402
7.057 65.715 65.446
6.432 66.716 65.454
9.359 66.942 64.836
10.175 66.320 65.961
11.112 67.604 66.432
12.482 67.055 66.175
13.456 66.143 66.101
13.498 64.988 66.873
14.594 66.224 65.373
7.141 64.536 66.116
5.803 64.415 67.153
6.437 65.142 68.484
7.621 64.996 68.874
5.686 63.051 67.322
5.001 62.187 66.403
4.778 60.782 66.873
4.521 59.822 65.719
3.114 59.709 65.446
2.228 60.435 65.954
2.969 58.780 64.497
5.505 66.030 68.860